2002/07/22/big/img_43 192.355110868 35.8317637355 282.451295132 173.340982264
2002/07/26/big/img_634 130.238481759 41.8988053768 189.933892241 157.949918623
2002/07/26/big/img_634 263.20320426 40.755279081 345.54854974 156.464884919
2002/07/19/big/img_843 59.1832894246 43.5937072487 160.399650575 188.517730751
2002/07/19/big/img_843 224.743287 15.384737 287.130493 102.463957
2002/07/19/big/img_843 326.522403448 37.2467755491 434.313422552 179.386012451
2002/08/26/big/img_58 103.060235973 11.878065851 170.720964027 120.437168149
2002/07/21/big/img_375 101.513764171 22.8010615956 298.108479829 304.758938404
2002/08/25/big/img_729 61.3840095528 46.4622596234 150.299390447 165.173740377
2002/08/25/big/img_729 163.062722492 21.4771260261 241.700877508 143.055473974
2002/08/25/big/img_729 341.086712821 44.3645473429 424.508679179 167.848062657
2002/07/19/big/img_561 83.2844454011 22.9459755583 217.914650599 193.108584442
2003/01/15/big/img_884 36.2955579034 110.893148466 66.6468420966 158.688851534
2003/01/15/big/img_884 108.529036606 29.1456435795 203.474763394 179.81895642
2003/01/15/big/img_884 232.737157604 9.53299984821 377.648242396 182.543800152
2003/01/15/big/img_884 67.2579883959 109.61428179 86.0292116041 138.88071821
2002/07/25/big/img_891 49.7853067728 78.1515373711 317.047413227 384.432428629
2002/08/09/big/img_558 87.665219906 16.4061168603 237.484164094 240.27506514
2002/08/26/big/img_587 71.5717207906 43.0215060366 137.770119209 137.421191963
2002/08/26/big/img_587 193.996053152 19.5217803078 262.947994848 125.359601692
2002/08/26/big/img_587 352.155797911 45.2921588085 414.036640089 137.289203192
2002/08/13/big/img_1146 75.9410875966 87.0052815227 169.131112403 229.056518477
2002/08/13/big/img_1146 15.9740187568 179.046801693 51.5479812432 233.747798307
2002/08/13/big/img_1146 142.607994958 34.1469739252 260.197405042 213.555026075
2002/09/02/big/img_15153 41.2567108455 33.4860495923 195.504689154 249.995550408
2002/09/02/big/img_15153 239.792960846 22.4138190654 410.683839154 255.160380935
2002/07/26/big/img_316 104.855099288 40.1666195668 190.276638712 174.727512433
2002/08/01/big/img_1940 50.0785152475 3.3164523239 149.831170753 175.992039676
2002/08/01/big/img_1940 197.380699333 55.0679720149 284.302338667 192.184171985
2002/08/26/big/img_90 117.458661146 29.4197085611 251.074938854 242.027913439
2002/08/26/big/img_90 218.95889971 -31.875178171 314.79090029 99.120578171
2003/01/13/big/img_347 38.1069829399 43.4527918239 126.06823306 190.405620176
2002/07/25/big/img_520 137.462423419 83.774458589 222.554738581 207.225793411
2002/07/25/big/img_520 3.47137966468 293.378452043 44.0569583353 355.676921957
2002/07/25/big/img_520 321.992965107 291.538377485 357.521000893 347.446724515
2002/08/29/big/img_18718 -31.9470337442 41.0120514993 53.3885337442 193.699748501
2002/08/29/big/img_18718 158.598660465 76.3559181849 271.157107535 248.277481815
2002/08/29/big/img_18718 238.540042302 51.3858318936 322.147157698 169.827368106
2002/08/29/big/img_18718 333.098978817 1.20551701412 423.975757183 126.197856986
2002/08/28/big/img_19219 89.595229376 176.26994662 219.399770624 388.99445338
2002/08/13/big/img_375 130.129578482 81.3546072119 212.920221518 204.396202788
2002/07/20/big/img_719 46.4324414908 52.1749891747 141.954336509 188.159298825
2002/07/20/big/img_719 146.035077685 26.4129924481 252.442522315 177.679283552
2002/07/20/big/img_719 328.589738634 85.0490341292 428.352163366 213.611661871
2002/07/20/big/img_719 300.189449 63.251757 386.136545 188.093767
2002/08/31/big/img_17431 147.820541906 80.2520901929 226.280258094 181.848309807
2002/07/28/big/img_192 123.039354261 35.1122939539 256.474147739 253.726862046
2002/08/26/big/img_259 108.388467233 37.6218500953 229.681932767 211.700781905
2002/08/26/big/img_259 269.012772743 79.573644234 353.961827257 215.094081766
2002/08/26/big/img_259 223.441013218 78.2057450328 273.875986782 161.004454967
2002/08/26/big/img_259 421.011404687 169.565720691 470.113795313 245.296479309
2002/08/18/big/img_484 58.9109429132 87.4091654992 144.114057087 206.585234501
2002/08/18/big/img_484 197.156452987 105.378900617 262.833547013 206.824899383
2002/08/18/big/img_484 305.395689444 24.5929429612 414.378510556 189.198057039
2002/08/18/big/img_484 243.721270559 71.593837992 293.754529441 136.374762008
2002/08/18/big/img_484 180.806683899 47.4511626949 244.239716101 141.446637305
2002/08/18/big/img_484 403.213461805 99.0370591743 449.523738195 158.922340826
2002/08/18/big/img_484 31.8207583535 123.067717466 54.9064416465 153.105482534
2002/07/29/big/img_580 42.0785393997 29.498675457 120.2281886 149.181682543
2002/07/26/big/img_84 -5.72088593671 79.1923844133 27.9413859367 127.689613587
2002/07/26/big/img_84 53.350013708 108.093154163 86.526012292 156.906099837
2002/07/26/big/img_84 83.1272349374 84.6742808541 111.724117063 129.438331146
2002/07/26/big/img_84 112.553226397 24.1656704772 170.939997603 115.512711523
2002/07/26/big/img_84 193.951558564 57.056075461 224.007377436 104.028334539
2002/07/26/big/img_84 257.291454275 114.58494474 291.386511725 161.76759726
2002/07/26/big/img_84 258.282725163 80.7330507747 290.077166837 127.313503225
2002/07/26/big/img_84 286.096680022 34.0318394313 335.776913978 114.966996569
2002/07/26/big/img_84 288.855124289 -1.63456567183 316.990299711 38.7386656718
2002/08/02/big/img_302 103.76410524 8.08008815276 181.76461476 135.571799847
2002/08/31/big/img_17007 162.077438344 68.2578871365 259.396361656 206.617190863
2003/01/15/big/img_543 -0.842246904803 13.2062913395 62.9738469048 114.81650866
2003/01/15/big/img_543 174.165663594 35.5854227864 236.807536406 132.938577214
2003/01/15/big/img_543 356.029951431 -2.71295032665 421.238848569 90.7769503267
2002/09/01/big/img_16488 111.627830896 19.894274245 181.822969104 134.436525755
2002/08/22/big/img_798 143.607628815 29.8462180946 266.132499185 223.241015905
2002/08/22/big/img_798 47.0419580815 283.740480461 127.738527919 368.113177539
2002/07/30/big/img_383 273.355520223 27.8799161886 392.223707777 216.462119811
2002/08/04/big/img_668 83.0905848111 21.0333633992 217.124709189 224.902186601
2002/08/13/big/img_156 77.4206834154 19.9720283811 180.461716585 167.656955619
2002/08/07/big/img_1353 25.4922301632 26.0852320377 96.8292938368 131.881161962
2002/08/07/big/img_1353 129.937267883 30.9415799945 196.038304117 130.304274006
2002/08/07/big/img_1353 241.637926814 18.2074429424 300.727053186 120.314979058
2002/07/25/big/img_281 97.9094093501 7.94524689713 162.91610665 121.867929103
2003/01/14/big/img_587 218.368833338 59.8619041341 325.417766662 221.542495866
2003/01/15/big/img_524 80.2437582038 139.589809252 177.712041796 283.186590748
2003/01/15/big/img_524 214.206059789 158.068993679 298.332140211 274.157806321
2002/08/19/big/img_726 75.1794814783 12.3071664724 170.821718522 159.067033528
2002/08/21/big/img_709 32.242545958 58.4291424894 96.169454042 155.381657511
2002/08/21/big/img_709 180.608069587 41.7227939813 277.797330413 178.385606019
2002/08/21/big/img_709 257.847917339 115.438940927 320.283082661 199.396859073
2002/08/21/big/img_709 358.830182875 127.344738097 427.928417125 226.552261903
2002/08/26/big/img_465 41.9802039351 29.0345227887 270.674796065 377.770799211
2002/07/31/big/img_658 29.730834539 8.60718525977 152.414091461 191.39077274
2002/07/31/big/img_658 207.234191802 11.0960841635 331.049058198 188.605185837
2002/07/31/big/img_658 32.0814677528 240.559066072 151.996268247 417.898863928
2002/07/31/big/img_658 214.345984862 233.90013562 335.000761138 435.18074638
2002/08/28/big/img_19148 191.881432475 34.8861004951 268.592065525 156.059499505
2002/08/28/big/img_19148 411.606760439 258.533817615 434.749673561 290.773112385
2002/08/28/big/img_19148 385.05625678 251.582519632 410.78771322 284.970670368
2002/07/23/big/img_423 35.6942696086 10.1811502744 274.449156391 400.853763726
2002/08/16/big/img_758 48.497137948 57.8372943725 217.740462052 314.409143627
2002/08/22/big/img_523 39.654057707 169.873601349 166.881106293 373.021832651
2002/08/16/big/img_591 69.9677395403 6.46146379409 161.97226046 159.015936206
2002/08/23/big/img_845 195.137540462 62.3691163268 279.985643538 180.590945673
2002/08/23/big/img_845 359.106433959 64.530109831 441.086454041 169.912958169
2002/07/26/big/img_678 79.9948506456 194.747531349 178.072593354 348.528560651
2002/08/09/big/img_806 111.610517592 48.2699623083 224.371698408 218.078643692
2002/08/09/big/img_806 49.872108783 195.203557838 71.337073217 221.847462162
2002/08/09/big/img_806 77.5217716957 193.357774244 98.0140463043 220.470305756
2002/08/09/big/img_806 103.267605219 195.791241517 123.632396781 221.047646483
2002/08/09/big/img_806 210.763745214 200.537653958 228.152336786 224.560248042
2002/08/09/big/img_806 236.556506672 197.147770492 253.899637328 220.706029508
2002/08/09/big/img_806 253.611046587 195.993959726 271.203961413 219.544912274
2002/08/09/big/img_806 283.231547625 195.471082965 303.648454375 221.353917035
2002/08/09/big/img_806 308.66732521 197.039168605 327.92566679 224.233067395
2002/08/09/big/img_806 326.238973282 199.065710355 344.053386718 221.997411645
2002/08/06/big/img_2369 37.6212910237 157.628682768 115.780308976 276.176717232
2002/08/06/big/img_2369 131.823063854 15.102531268 207.448830146 133.387468732
2002/08/06/big/img_2369 251.914465245 100.36135008 333.895734755 227.33224992
2002/08/06/big/img_2369 337.711426433 47.312289139 412.758773567 150.458910861
2002/08/06/big/img_2369 85.5819312722 -8.15604451449 148.103798728 85.1572445145
2002/07/29/big/img_457 48.4677402216 40.4624467725 249.950617778 367.966579228
2002/07/19/big/img_278 160.620240118 85.6948909694 224.418585882 185.869631031
2002/07/19/big/img_278 348.377584734 75.8570099707 410.719785266 174.560984029
2002/08/30/big/img_18107 123.754191416 22.9706095222 190.701890584 128.048132478
2002/07/26/big/img_444 149.708882296 103.187652653 234.288745704 225.202683347
2002/08/20/big/img_278 38.799614368 91.5891652078 92.929895632 159.798034792
2002/08/20/big/img_278 113.924219066 49.3739550733 180.906004934 150.352088927
2002/08/20/big/img_278 291.343306052 20.3488132152 373.462909948 149.008786785
2002/08/26/big/img_92 95.3043325972 78.752133271 285.223867403 385.050290729
2002/08/26/big/img_257 69.6428736969 138.001401189 171.515126303 286.627964811
2002/07/25/big/img_266 34.308291704 7.83461107965 233.516840296 314.12527492
2002/08/05/big/img_3829 114.969512219 95.1446868745 189.416687781 202.892513125
2002/08/05/big/img_3829 291.796264485 155.721310795 354.238663515 257.959689205
2002/08/05/big/img_3829 325.906992555 97.3376223834 376.499007445 166.586777617
2002/08/05/big/img_3829 405.414008413 149.211490492 451.019191587 220.721709508
2002/07/26/big/img_757 105.922733906 27.3357737303 177.384724094 146.90645027
2002/07/26/big/img_757 252.95050424 120.219897951 329.61754376 236.727790049
2002/07/29/big/img_1536 166.311607949 25.5847805654 278.574722051 200.004961435
2002/08/09/big/img_472 140.420655553 23.0038807546 238.018758447 167.810287245
2003/01/17/big/img_480 93.6372273747 56.6567983509 158.184572625 153.046401649
2003/01/17/big/img_480 235.127114397 13.3641904493 298.610285603 114.999609551
2002/08/28/big/img_19355 21.3447205524 19.5765072313 96.1962794476 127.398692769
2002/08/28/big/img_19355 219.221292985 87.359039894 289.771507015 192.395760106
2002/07/26/big/img_97 59.9846869971 14.9147153181 139.224261003 121.519452682
2002/07/26/big/img_97 417.487248684 10.0817997099 457.006545316 62.3310022901
2002/08/06/big/img_2503 315.356434552 52.0108580642 375.756011448 145.745291936
2002/07/19/big/img_254 71.9519240747 42.6803992581 180.202021925 190.212046742
2002/07/19/big/img_254 168.989444854 105.964107172 228.068209146 189.451796828
2002/08/01/big/img_1470 61.030825949 32.9260890033 276.757120051 390.807984997
2002/08/21/big/img_42 85.9740707426 29.2698090436 263.913729257 299.585790956
2002/08/20/big/img_217 82.5103528435 4.47162522988 144.549047157 96.1629747701
2002/08/20/big/img_217 337.695313998 9.65372687277 420.891946002 140.550873127
2002/08/06/big/img_2459 69.0302928884 12.7616341256 133.485107112 113.493365874
2002/08/06/big/img_2459 170.861484532 18.9686010621 238.202915468 128.864598938
2002/07/19/big/img_552 78.671979 58.082453 228.378635 293.048335
2002/08/13/big/img_717 141.382139883 224.565555733 207.242168117 323.433114267
2002/08/12/big/img_586 69.7694700961 8.31221652421 159.579821904 142.446651476
2002/08/12/big/img_586 316.747818535 28.425656934 406.544337465 159.487933066
2002/08/20/big/img_411 56.5104300659 32.612815589 149.861169934 168.733984411
2002/08/20/big/img_411 199.907316174 29.8257365571 303.770883826 171.548063443
2003/01/13/big/img_768 51.2398567597 22.7445174567 245.28811924 291.723318543
2002/08/07/big/img_1747 173.73442458 15.8215579131 265.28457942 161.801666087
2002/08/15/big/img_385 147.007828693 12.4731368708 214.838771307 126.226263129
2002/08/15/big/img_385 310.34622945 108.722834723 338.85872055 151.506165277
2002/08/15/big/img_385 271.818932401 22.6413779731 298.589467599 59.7626220269
2002/08/15/big/img_385 83.0580531242 21.6351614217 109.691546876 60.8064385783
2002/08/01/big/img_1648 117.954735079 42.1751845381 249.249008921 242.519895462
2002/08/15/big/img_311 104.942388828 31.6170189871 252.135411172 238.625579013
2002/08/21/big/img_95 121.875658998 32.1276882571 199.690141002 148.845711743
2002/08/09/big/img_108 140.548369974 23.3664900811 226.678566026 156.972337919
2002/08/09/big/img_108 352.464305121 55.2498154312 440.723978879 190.375216569
2002/08/21/big/img_398 126.333759896 75.8011077628 254.481640104 263.339492237
2002/08/17/big/img_340 57.5646754641 11.7134790098 134.435324536 129.28652099
2002/08/17/big/img_340 170.533815112 41.3566121134 201.966184888 91.1433878866
2002/08/17/big/img_340 201.564098387 54.5983509641 235.569901613 105.477849036
2002/08/17/big/img_340 262.600280838 48.6114324522 293.891919162 92.6663675478
2002/08/17/big/img_340 311.616610923 31.6620265599 347.583389077 82.7379734401
2002/08/17/big/img_340 346.096571581 25.7764197553 432.903428419 166.556980245
2002/08/17/big/img_340 246.06324097 36.6475067646 269.93675903 72.4000932354
2002/08/14/big/img_474 110.488917831 25.2736750672 190.912482169 152.198924933
2002/08/14/big/img_474 345.866646415 7.70969542725 411.508953585 112.035104573
2002/08/13/big/img_294 67.5268497516 54.4854867337 236.511468248 298.927773266
2002/08/24/big/img_840 124.401892006 16.0130676049 221.154539994 173.889858395
2002/08/09/big/img_808 108.27468969 27.7169150277 183.49364831 131.174974972
2002/08/09/big/img_808 274.275109424 21.1017273258 341.845646576 116.097240674
2002/08/23/big/img_491 72.6084176448 64.6963885214 153.930782355 180.038011479
2002/08/23/big/img_491 173.003841199 33.6368101645 247.195302801 151.148125836
2002/07/28/big/img_33 187.693394429 31.9319209929 287.312831571 218.769721007
2003/01/13/big/img_664 103.18216538 134.209506195 211.04450662 289.988693805
2002/08/02/big/img_261 100.89346752 30.648217888 164.56732248 132.882774112
2002/08/09/big/img_591 31.6215970812 35.3666187407 240.283842919 345.331865259
2002/07/26/big/img_309 149.556979575 6.52815994821 303.187908425 244.641430052
2003/01/14/big/img_372 85.7706818797 12.7313013668 147.21771812 115.064498633
2002/08/19/big/img_581 107.034526991 49.5218626179 206.582543009 199.449235382
2002/08/19/big/img_581 248.173301744 105.513348585 334.985626256 227.064417415
2002/08/19/big/img_168 149.853252251 40.4066203484 316.848747749 273.074779652
2002/08/26/big/img_422 89.6794911665 40.8155858365 158.104754834 139.065504164
2002/07/24/big/img_106 112.799169649 51.8253730469 252.069630351 251.549426953
2002/08/01/big/img_1936 75.6747827654 10.5603783961 159.235109235 138.658271604
2002/08/05/big/img_3764 84.2803901692 32.8591069495 209.338609831 232.14509305
2002/08/05/big/img_3764 211.319891792 80.7204780246 347.670108208 260.799721975
2002/08/21/big/img_266 144.96648231 23.2189420357 229.36780969 145.570257964
2002/08/21/big/img_266 308.6880787 191.898581725 338.6488473 233.255056275
2002/08/21/big/img_266 327.424643469 129.816481459 352.240950531 166.492200541
2002/08/31/big/img_17968 44.6181540439 76.2138188435 137.114245956 239.557981156
2002/08/01/big/img_1941 73.8767995891 52.979603904 265.936674411 336.767636096
2002/08/15/big/img_550 276.454117409 33.7796660295 374.310222591 197.89520997
2002/08/14/big/img_13 109.23196035 30.8175281326 181.71543965 130.483871867
2002/08/14/big/img_13 309.07556439 70.4695646711 385.95880361 182.677327329
2002/07/30/big/img_171 226.378585883 9.87791685812 302.393134117 111.872141142
2003/01/13/big/img_490 96.4544532566 40.4209057834 196.158554743 201.837086217
2002/07/25/big/img_427 203.667611496 90.752308106 267.066402504 187.184883894
2002/07/19/big/img_770 144.361621124 25.2112771876 274.189184876 206.409994812
2002/08/12/big/img_759 110.130566906 103.884636916 201.155233094 231.829563084
2003/01/15/big/img_1360 78.0931519074 22.8480500706 186.487848093 194.723349929
2002/08/05/big/img_3692 -19.7390117917 30.288945668 54.8548117917 151.907854332
2002/08/05/big/img_3692 93.1069564765 22.6891472221 191.567443524 178.252252778
2002/08/05/big/img_3692 325.963076625 89.0667334808 406.134923375 206.843866519
2003/01/16/big/img_30 67.4842343238 9.21503545573 165.269765676 169.669954544
2003/01/16/big/img_30 280.309115322 52.7030685003 370.990284678 166.3307315
2002/07/25/big/img_1026 -0.561416081118 64.2377045166 66.9601820811 165.279765483
2002/07/25/big/img_1026 96.5174524396 65.1303277204 161.84199556 162.32959228
2002/07/25/big/img_1026 209.729358376 25.6067438264 278.334047624 127.404296174
2002/07/25/big/img_1026 365.50792728 32.6127942621 436.37071272 142.135139738
2002/07/25/big/img_1026 -4.12288162349 -10.2462591488 47.0481176235 66.3921571488
2002/07/22/big/img_288 203.675769639 38.8135676127 286.566832361 169.653252387
2002/08/29/big/img_18801 158.31244352 175.276503085 228.23186848 289.933586915
2002/07/24/big/img_793 128.101104592 0.369392494911 200.255973408 122.878407505
2002/08/13/big/img_178 79.3505952172 24.0024058239 203.105204783 195.584650176
2002/08/06/big/img_2322 38.6430501838 29.0911050383 115.769929816 153.711254962
2002/08/06/big/img_2322 192.058058308 31.4279074573 263.226941692 138.679092543
2002/08/06/big/img_2322 337.808961626 23.0393695162 412.001038374 147.335230484
2003/01/14/big/img_560 197.228799687 25.0264755538 266.037600313 133.232324446
2003/01/14/big/img_560 53.552745012 56.2019186486 113.827654988 141.083081351
2003/01/14/big/img_560 115.933625834 24.6448397134 153.464774166 82.3391602866
2003/01/14/big/img_560 -6.39817402271 13.0044158346 38.4357740227 75.6424101654
2003/01/14/big/img_560 310.224198121 54.8052000678 343.677601879 104.759199932
2003/01/14/big/img_560 320.304213186 93.8867193322 365.279386814 157.679480668
2003/01/14/big/img_560 349.916236677 75.1636914921 415.409563323 180.392908508
2002/08/18/big/img_408 145.128919389 3.25881172171 231.929480611 144.072388278
2002/08/18/big/img_408 252.922351315 80.386084017 352.446848685 232.596715983
2003/01/16/big/img_915 134.016588553 31.3081667086 231.090611447 183.438833291
2003/01/16/big/img_679 176.123842865 113.67857991 307.288757135 319.09962009
2002/08/07/big/img_1552 237.413462831 35.3987363324 319.745215169 182.793167668
2002/08/29/big/img_19050 158.45433244 275.252697253 238.35566756 391.650702747
2002/08/01/big/img_2172 18.6440312166 59.4230943888 114.486832783 204.119785611
2002/08/01/big/img_2172 195.599370301 18.7230957103 347.111633699 236.79480229
2002/08/01/big/img_2172 330.496536843 91.7228778905 397.154967157 191.48775811
2002/07/31/big/img_30 130.289304237 35.183740301 228.195179763 170.600177699
2002/07/30/big/img_1019 78.3943417197 4.86228329556 150.47067628 117.803234704
2002/07/30/big/img_1019 188.966043291 4.42732620921 262.344266709 111.137401791
2002/07/30/big/img_1019 300.780494012 7.50893348788 371.461995988 111.429350512
2002/07/30/big/img_1019 22.3587202096 154.186424981 93.3503817904 257.138103019
2002/07/30/big/img_1019 131.147274451 149.31415539 205.518103549 254.83382261
2002/07/30/big/img_1019 248.41296163 152.203759888 315.76096837 259.487962112
2002/07/30/big/img_1019 356.728279181 153.396712006 429.045130819 255.707085994
2002/07/30/big/img_587 91.1970810589 45.659689481 282.304350941 280.132096519
2003/01/13/big/img_773 133.636807362 112.270750901 235.546816638 270.294885099
2002/07/30/big/img_410 100.000618601 23.0985931802 182.921297399 154.06214682
2002/07/30/big/img_410 219.211113963 134.926101671 239.080552037 168.740564329
2002/07/28/big/img_65 84.1026865445 27.0521084429 120.637635455 78.0034855571
2002/07/28/big/img_65 30.9234173279 50.926807958 50.5984946721 81.085144042
2002/07/28/big/img_65 48.2772611563 48.5292913257 69.0938308437 77.8144586743
2002/07/28/big/img_65 179.094654204 38.0290872581 197.658153796 62.7237207419
2002/08/05/big/img_3138 157.670382669 69.0897386129 224.859867331 178.005801387
2002/07/23/big/img_541 71.8658568597 39.3716002802 237.08652314 300.01887572
2002/08/22/big/img_963 126.287580639 22.2443714643 192.258075361 122.798880536
2002/07/27/big/img_657 208.375573846 48.0308343308 287.299514154 161.722983669
2002/07/30/big/img_1051 37.9451511205 32.2703656617 123.311020879 156.642498338
2002/07/30/big/img_1051 160.304152385 10.0416634765 214.228845615 103.071408523
2002/07/30/big/img_1051 266.217168837 62.6299533351 304.301119163 120.191836665
2002/07/30/big/img_1051 322.422845716 68.8655499905 352.464826284 112.427600009
2002/07/30/big/img_1051 363.674927709 98.8604949023 379.429834291 121.476013098
2002/07/30/big/img_1051 370.557948003 81.5723740038 384.730187997 101.953049996
2002/07/30/big/img_1051 433.924642868 95.7560426928 445.794365132 112.243957307
2003/01/16/big/img_150 86.2553106238 40.3313265332 173.400289376 175.770073467
2003/01/16/big/img_150 265.167070277 120.808356239 343.829129723 239.581243761
2002/07/31/big/img_519 122.450857263 35.4672486177 256.330276737 228.504253382
2002/07/31/big/img_519 242.532658477 -1.34298545167 369.709823523 173.648689452
2002/08/01/big/img_1961 48.6006510738 32.274726183 277.168386926 327.703333817
2002/08/05/big/img_3752 32.7494131674 15.5992976861 210.238586833 269.165102314
2002/08/05/big/img_3752 265.165758809 32.7456632009 419.247641191 276.176336799
2002/07/23/big/img_631 258.838371062 20.8355230305 350.327176938 162.71401297
2003/01/14/big/img_237 61.1396555638 31.1114549097 220.041106436 260.37179709
2002/07/28/big/img_21 78.9711788513 20.2751326454 258.985667149 263.374877355
2002/07/22/big/img_813 132.971749055 44.707917287 202.181900945 158.499942713
2002/08/05/big/img_3563 236.990002544 50.8847235537 325.822685456 185.328608446
2003/01/17/big/img_620 -39.6822034941 -58.7634926784 70.6884034941 94.0080926784
2003/01/17/big/img_620 127.595413072 21.5975814394 240.494586928 199.087618561
2003/01/17/big/img_620 251.92557535 -8.89229203219 352.99362465 145.282292032
2002/07/19/big/img_523 86.1610603138 25.9530475219 180.851315686 168.458272478
2002/07/19/big/img_523 277.64672683 53.0796092227 354.63592317 179.861054777
2002/07/30/big/img_904 103.319663555 29.0355034108 261.840578445 272.352906589
2002/07/30/big/img_904 301.473955523 29.0836912117 422.815046477 232.724244788
2002/08/29/big/img_18642 134.031848898 264.879195574 200.403873102 362.757604426
2002/08/11/big/img_492 163.726781366 32.154832973 230.510872634 139.588731027
2002/08/11/big/img_492 334.009416076 18.9308000921 402.113521924 120.974531908
2002/08/01/big/img_2130 63.1978073011 10.6321420112 133.063994699 112.492319989
2002/07/25/big/img_618 31.4935223085 78.7251364855 235.725677692 391.923303514
2002/08/17/big/img_305 72.5544453395 146.322404926 167.13995466 288.930595074
2003/01/16/big/img_520 67.4661283792 91.0143710147 201.750271621 300.062826985
2003/01/16/big/img_520 229.485828306 20.9045550923 357.264959694 203.412452908
2002/07/26/big/img_495 64.8211145586 32.5115927642 234.619701441 307.202079236
2002/08/17/big/img_164 140.426182437 43.6194739113 230.807617563 181.960526089
2002/08/17/big/img_164 257.869250372 5.33890587278 318.493549628 94.2300941272
2002/08/03/big/img_440 130.175126769 202.327231969 206.791387231 314.554182031
2002/08/03/big/img_440 16.4346956533 359.331569056 54.9126043467 419.698244944
2002/07/24/big/img_441 309.478007009 39.1474713893 389.107800991 165.540776611
2002/07/24/big/img_441 79.0141247516 40.6435954444 197.524421248 205.340646556
2002/07/24/big/img_441 211.812251187 187.644937769 233.346248813 213.576964231
2002/08/06/big/img_2146 201.202808087 47.2149786494 284.575271913 174.880519351
2002/08/11/big/img_558 92.9290282526 31.1506969629 222.452571747 213.837303037
2002/08/02/big/img_545 18.3213199489 14.2025333041 69.1109200511 94.7410286959
2002/08/02/big/img_545 20.1352075116 145.343779334 69.8150744884 217.164694666
2002/08/02/big/img_545 19.9581947673 271.585338191 66.8882692327 351.208897809
2002/08/02/big/img_545 107.858006697 16.6543163512 158.723079303 90.8926436488
2002/08/02/big/img_545 106.788835506 142.472727148 162.563590494 228.805572852
2002/08/02/big/img_545 107.226650888 271.518993948 159.432457112 345.098540052
2002/08/02/big/img_545 198.96611584 17.2591670312 251.24004016 94.1680189688
2002/08/02/big/img_545 199.133283759 140.05185182 252.261352241 219.77956618
2002/08/02/big/img_545 200.321474133 272.004367181 250.918921867 349.590880819
2002/08/02/big/img_545 291.41394376 19.8535715825 338.35815824 100.511196417
2002/08/02/big/img_545 291.181011505 140.312968776 343.180470495 219.069531224
2002/08/02/big/img_545 290.781295362 271.336241178 339.889136638 352.365420822
2002/08/02/big/img_545 380.477377185 18.0550320453 432.934654815 97.6932599547
2002/08/02/big/img_545 384.694768452 145.293259044 434.667037548 224.057434956
2002/08/02/big/img_545 374.083167702 265.009569456 435.922462298 365.701198544
2002/08/31/big/img_18090 143.160706241 51.2903856895 247.159167759 199.28819631
2003/01/01/big/img_136 115.411794361 26.5473305879 179.615821639 121.881271412
2002/07/25/big/img_1099 109.789188754 28.395745596 252.234733246 279.210138404
2003/01/13/big/img_728 71.511673 67.175062 233.511673 327.291862
2003/01/16/big/img_197 28.1568438126 63.9463854777 51.6079561874 96.2888145223
2003/01/16/big/img_197 131.798114976 14.6791838946 184.302885024 102.485016105
2003/01/16/big/img_197 249.167121882 17.2294841045 314.134678118 125.783915896
2002/07/26/big/img_651 167.382803314 59.5860925394 276.541412686 234.214223461
2002/08/11/big/img_676 33.4481911502 22.6558225998 139.57400885 178.8081774
2002/08/11/big/img_676 268.556330804 58.9037136761 398.767953196 252.889486324
2003/01/15/big/img_10 203.342086605 -9.81860343636 282.910713395 109.628603436
2002/08/21/big/img_250 60.1715275866 28.2931927339 271.878742413 331.880207266
2002/08/14/big/img_325 202.405286252 147.670072023 285.809243748 281.328127977
2002/08/04/big/img_390 5.00089107246 -47.5930042745 108.237086928 112.273450274
2002/08/04/big/img_390 217.688512785 45.9315064794 318.717111215 196.814739521
2002/07/24/big/img_554 52.7772859933 26.4808646075 196.646336007 251.201237392
2002/07/24/big/img_554 260.312343735 55.7581837113 374.827662265 241.777190289
2003/01/16/big/img_333 69.4168736166 32.6389107904 178.550126383 207.19408921
2002/07/31/big/img_922 160.72083291 35.5417475935 227.17177909 129.852698407
2002/07/31/big/img_922 220.445523227 115.271551695 258.697100773 172.601308305
2002/07/31/big/img_922 254.419435027 133.980819897 274.169452973 165.546958103
2002/07/31/big/img_922 306.384601135 102.647356347 372.167300865 195.385017653
2002/07/31/big/img_922 346.670074392 73.0473771411 396.772661608 144.073990859
2002/07/31/big/img_922 418.399479644 71.0119381568 479.449120356 159.601291843
2002/07/31/big/img_922 432.238979784 41.4669755963 454.363060216 73.9922084037
2002/09/02/big/img_15586 80.6735920599 62.5904947286 160.01020794 193.114905271
2002/09/02/big/img_15586 209.963153055 98.6302913892 241.334646945 143.452108611
2002/09/02/big/img_15586 139.921474684 11.3192153263 160.725325316 42.0141846737
2002/09/02/big/img_15586 14.2550984602 56.6143079518 42.6901015398 97.8276920482
2002/09/02/big/img_15586 244.466025298 9.76771308212 276.909974702 58.6962869179
2002/09/02/big/img_15586 205.033335022 21.430367942 226.656064978 51.559032058
2002/09/02/big/img_15586 203.656716432 55.9810236315 230.413083568 94.4607763685
2002/09/02/big/img_15586 169.190274651 43.8175216768 195.025125349 78.8900783232
2003/01/16/big/img_184 109.271467946 28.2498651244 231.810732054 223.448134876
2002/07/22/big/img_766 54.667719487 38.2950332702 250.283176513 371.98520873
2002/07/21/big/img_608 69.2656005487 32.2264799613 298.922235451 397.995354039
2002/08/07/big/img_1578 158.511631775 80.061403117 283.394084225 283.874926883
2002/08/17/big/img_961 15.9166719068 119.648776047 84.6465280932 229.392639953
2002/08/17/big/img_961 142.41156807 21.8518205092 226.26683193 148.993789491
2002/08/17/big/img_961 267.65758076 12.8737883581 360.94581924 141.368223642
2002/07/27/big/img_324 75.4076787402 37.5888644821 225.68900326 282.396605518
2002/08/05/big/img_3765 65.9100606731 38.8087067452 129.302205327 127.391893255
2002/08/05/big/img_3765 325.593487648 10.547253521 402.974312352 108.645946479
2002/08/05/big/img_3765 395.18984754 74.1523439435 432.54991246 125.907856056
2002/08/23/big/img_462 106.375382591 18.4558543601 177.116147409 130.28468564
2003/01/16/big/img_382 131.996101196 15.6465521133 222.125298804 148.767847887
2002/08/27/big/img_19838 254.126678875 159.75040246 384.067521125 348.99091154
2002/08/01/big/img_1505 109.932959147 250.653276571 189.579860853 370.693833429
2002/08/21/big/img_662 -4.16470824752 57.2480027335 54.4897082475 136.510397267
2002/08/21/big/img_662 86.20192311 26.1893038429 125.06767689 81.4268961571
2002/08/21/big/img_662 117.623360211 76.2015452663 173.232239789 160.582654734
2002/08/21/big/img_662 195.011807234 51.245282664 204.901992766 65.398317336
2002/08/21/big/img_662 214.451346459 59.2230349114 225.797253541 76.3701650886
2002/08/21/big/img_662 325.834450469 21.5971329538 369.873749531 79.8790670462
2002/08/21/big/img_662 258.049839864 95.3882151886 318.422960136 191.025584811
2002/08/21/big/img_662 295.596172227 91.0436277792 340.228627773 150.343372221
2002/08/21/big/img_662 431.386608616 41.1801509677 442.910191384 57.7104490323
2002/08/14/big/img_605 82.6649030985 30.4680340329 278.952096902 353.953765967
2002/08/19/big/img_816 51.6811631059 337.241706954 111.946036894 427.857107046
2002/08/19/big/img_816 129.671667309 185.19579933 193.902470691 284.61727067
2002/08/19/big/img_816 242.299666349 349.076061759 300.958119651 437.105514241
2002/07/29/big/img_136 59.6316328123 71.6005911653 269.236057188 352.956174835
2002/08/20/big/img_719 110.306015287 20.9018342429 327.489168713 291.547165757
2002/08/06/big/img_2826 19.3771292775 122.167293072 167.190978723 338.534132928
2002/08/06/big/img_2826 189.165349074 14.658800225 376.969012926 296.118823775
2002/08/10/big/img_630 31.2445084716 12.2798372941 137.232615528 149.793066706
2003/01/17/big/img_973 115.791413434 93.7627279406 220.368586566 251.874872059
2002/08/14/big/img_116 191.979070198 21.2926493178 277.139329802 153.498550682
2002/08/02/big/img_666 97.8830242979 152.618839754 183.842773702 276.357306246
2002/08/02/big/img_666 262.931733658 62.0472952682 347.433960342 194.221934732
2002/08/21/big/img_710 63.9479385791 44.2532272812 249.012261421 324.777972719
2002/08/05/big/img_55 188.011025225 73.7063536941 262.674574775 188.354846306
2002/08/05/big/img_55 286.126141754 18.6011668889 356.428058246 131.223433111
2002/08/05/big/img_55 295.794986381 206.954675389 327.209813619 260.176724611
2002/07/31/big/img_229 45.9007767562 26.3433679509 255.491949244 401.279728049
2002/08/01/big/img_1549 100.555328236 29.8742827109 244.261677764 246.550825289
2002/07/23/big/img_432 76.214188561 22.4974397738 175.041385439 171.479358226
2002/07/23/big/img_432 236.134915623 51.7279241118 331.297490377 194.589435888
2002/07/21/big/img_430 166.837413904 14.5021630701 253.553738096 139.74067493
2002/08/21/big/img_549 121.079476143 20.37081715 196.098923857 128.41458285
2002/08/21/big/img_549 201.703944604 81.8760599923 258.171255396 172.839540008
2002/08/21/big/img_549 295.178510717 124.426794761 359.788289283 217.994005239
2002/08/21/big/img_549 358.652013582 63.8748130204 405.629186418 133.08158698
2002/08/08/big/img_985 113.408967738 25.4348144079 194.025280262 153.533483592
2002/08/08/big/img_985 242.361464133 49.6003189166 309.167785867 172.323489083
2002/07/20/big/img_610 62.3705563422 161.403586679 137.662567658 270.311727321
2002/07/23/big/img_978 180.40942938 7.26310816765 323.05466062 269.793181832
2002/08/23/big/img_219 282.472067144 55.0858805069 364.895610856 169.475765493
2002/08/23/big/img_219 343.485399611 -28.4491872076 422.096314389 84.9916632076
2002/08/23/big/img_219 91.5678085686 23.7969272059 187.102081431 184.057360794
2002/08/23/big/img_219 161.995878671 64.9702635273 218.936495329 139.672182473
2002/08/23/big/img_219 205.797711162 97.447439863 248.385016838 149.759068137
2002/08/23/big/img_219 244.84509209 68.1066202777 295.69179591 144.858711722
2002/07/25/big/img_175 27.6549629538 15.1278152722 97.9259990462 116.871118728
2002/07/25/big/img_175 134.316082688 18.0476690733 200.649117312 107.298430927
2002/07/25/big/img_175 234.879056536 59.5210695346 297.197431464 147.927594465
2002/07/25/big/img_175 248.653952041 117.712407731 311.725703959 211.207206269
2002/07/25/big/img_175 392.245775806 133.91337465 450.887634194 220.82172535
2002/07/25/big/img_175 366.5105144 30.4723327913 413.1312096 93.3023132087
2002/07/25/big/img_175 422.480748846 48.5674646236 458.171007154 96.4037813764
2003/01/15/big/img_230 96.2795746633 29.19571192 171.126025337 149.74428808
2002/08/23/big/img_385 120.391483567 274.807440292 193.201706433 378.153799708
2002/07/31/big/img_879 60.7343677613 43.9763784516 260.784318239 345.079593548
2002/08/12/big/img_495 213.629755261 15.6202534948 313.341244739 187.706146505
2002/08/22/big/img_499 104.080712311 24.493933304 178.293713689 145.051304696
2002/08/30/big/img_18322 90.5190051838 22.5765227643 192.626394816 154.392677236
2002/08/15/big/img_795 66.774942722 101.079645559 138.281257278 200.667754441
2002/08/15/big/img_795 150.592385965 126.325564529 174.844414035 157.274835471
2002/08/15/big/img_795 224.010275802 115.817385305 239.346866198 142.166214695
2002/08/15/big/img_795 5.03675852425 114.260538048 15.9530414757 129.198661952
2002/08/15/big/img_795 26.1401775083 141.129388984 40.6246224917 158.870611016
2002/08/15/big/img_795 34.3949459163 142.694255556 50.8366540837 159.967344444
2002/08/15/big/img_795 188.95767493 137.638590373 203.94732507 158.656409627
2002/08/15/big/img_795 165.43124977 120.132508533 185.90215023 142.957891467
2002/08/15/big/img_795 197.038068179 125.715245971 209.608531821 140.664154029
2002/08/15/big/img_795 285.584856717 125.841712915 300.285743283 147.791287085
2002/08/15/big/img_795 337.41893255 108.683135051 362.29981745 145.587664949
2002/08/15/big/img_795 359.559850467 77.6795429685 397.558949533 134.270457031
2002/08/13/big/img_835 36.3904346869 111.663250203 109.500685313 216.150749797
2002/08/13/big/img_835 263.024435809 17.5044072145 349.338364191 145.400792786
2003/01/17/big/img_930 77.0516781384 29.7092036135 142.862321862 130.744996387
2002/07/30/big/img_873 12.0312697835 18.3846611521 103.302584217 156.137698848
2002/07/30/big/img_873 139.702142268 27.1403748203 238.660805732 190.12517118
2002/07/30/big/img_873 256.828084325 59.0289055974 342.624775675 188.563124403
2002/08/11/big/img_257 111.348697994 22.4100206947 222.969124006 189.031049305
2002/07/31/big/img_593 70.2067382986 33.8557869647 147.470565701 155.915489035
2002/08/21/big/img_916 140.065617473 27.2006699591 223.414382527 158.823530041
2003/01/13/big/img_814 108.158621531 18.952568202 178.757778469 133.986631798
2002/07/25/big/img_722 103.006213234 23.0510845133 227.068206766 208.688739487
2002/07/25/big/img_722 236.535510136 74.7568885265 323.586219864 202.781053474
2002/08/16/big/img_379 164.610646928 93.2580044616 310.377753072 300.311195538
2002/07/31/big/img_497 241.036505752 43.8754206161 369.160344248 258.293433384
2002/07/22/big/img_602 61.1285992085 23.0363812317 310.954366791 387.001216768
2002/08/21/big/img_642 41.568022236 42.779002945 242.383777764 397.740197055
2002/08/21/big/img_614 25.6135158351 16.4126731322 107.334284165 139.658926868
2002/08/21/big/img_614 151.570359951 53.9273046067 252.091640049 203.735695393
2002/08/21/big/img_614 322.670227325 35.486483823 402.997572675 168.314916177
2002/08/23/big/img_482 110.689441225 16.1195603526 204.210734775 157.689111647
2002/07/29/big/img_603 133.574308263 14.9569508058 191.924921737 113.957597194
2002/07/29/big/img_603 203.845093101 91.6847554384 256.440002899 172.494508562
2002/07/29/big/img_603 396.909736425 44.7269607899 441.465723575 107.03418321
2002/08/13/big/img_705 79.7022743014 59.2674452664 193.953325699 236.533322734
2002/08/13/big/img_705 227.6464162 100.179249567 328.0732738 252.132178433
2002/07/23/big/img_833 150.99433801 91.3700099354 239.19989399 228.676082065
2003/01/14/big/img_511 123.428822479 49.6169925996 188.246345521 149.6684074
2003/01/14/big/img_511 253.606246349 21.4114695076 314.299753651 117.047130492
2002/07/24/big/img_376 79.364938416 6.46656807114 156.040321584 118.777431929
2002/07/24/big/img_376 185.159038134 107.796973025 234.147361866 171.379026975
2002/07/24/big/img_376 304.615746198 74.9466303954 387.231053802 210.828169605
2002/08/17/big/img_1030 14.7360644199 59.3449868105 145.04693558 249.67381319
2002/08/17/big/img_1030 137.175242316 23.7877781152 265.009957684 218.602421885
2002/08/05/big/img_3576 182.06864501 82.0625997962 249.80649899 182.882680204
2002/08/16/big/img_540 35.8408233313 103.711249016 114.567176669 219.358350984
2002/08/16/big/img_540 356.588462261 10.1541637334 435.536337739 121.395836267
2002/07/22/big/img_630 148.648391414 91.7339506706 239.821786586 227.667865329
2002/08/10/big/img_180 38.1588801594 16.1741859055 157.132319841 209.861170095
2002/08/14/big/img_905 116.315158233 36.943431299 176.249241767 137.506768701
2002/08/14/big/img_905 172.384278892 11.7032885033 249.447521108 127.534511497
2002/08/14/big/img_905 255.661438675 41.3995332396 317.492761325 139.66526676
2002/08/14/big/img_905 293.187514354 29.5166771621 362.946085646 140.725722838
2002/08/14/big/img_905 414.450162356 -38.3484219825 469.613037644 61.8950219825
2002/08/29/big/img_18777 72.5173892114 44.3797714729 191.213268789 229.885542527
2002/08/22/big/img_693 141.341531637 18.6175814532 259.712264363 189.390362547
2002/08/22/big/img_693 256.148581829 40.8642263088 380.723556171 248.225313691
2003/01/16/big/img_933 22.6166882924 50.7213275266 41.0383117076 76.5884724734
2003/01/16/big/img_933 56.825953182 27.8347937527 112.117246818 107.077806247
2003/01/16/big/img_933 158.079456108 45.1299201063 196.488543892 105.757279894
2003/01/16/big/img_933 225.319547472 59.2784974071 266.543852528 125.669302593
2003/01/16/big/img_933 315.424858464 64.9679223379 374.959741536 141.123477662
2002/08/20/big/img_555 101.783579991 61.3901952773 221.314820009 261.052804723
2002/08/15/big/img_549 107.164157881 35.8799873107 194.065294119 158.472012689
2002/08/15/big/img_549 175.384242047 74.1823411674 246.775785953 171.522684833
2003/01/14/big/img_830 46.7440635343 16.2944541839 171.080136466 178.567945816
2003/01/14/big/img_830 273.533839097 33.31912072 380.125760903 190.47567928
2003/01/16/big/img_64 53.9056652377 16.3469084819 155.281934762 186.495891518
2002/08/27/big/img_19670 115.020477716 12.0328077249 220.647322284 167.421164275
2002/08/27/big/img_19670 268.248600513 132.026411315 380.325199487 284.054188685
2002/08/22/big/img_729 63.9454351642 54.1787183892 248.501422836 301.151401611
2002/08/22/big/img_729 154.362435332 -76.3882583196 317.800046668 183.44990432
2002/07/27/big/img_981 127.747564179 17.2915381745 224.759401821 179.533849826
2002/07/27/big/img_981 257.242722195 182.673391899 340.022947805 316.479840101
2002/08/09/big/img_458 78.1119473452 27.333350729 172.581972655 178.296685271
2003/01/17/big/img_884 -17.1506161738 30.9611054806 51.7708161738 142.097106519
2003/01/17/big/img_884 74.7828657521 69.7702688953 128.180734248 148.893531105
2003/01/17/big/img_884 230.250830229 12.4769005761 325.470969771 150.676499424
2002/07/25/big/img_639 302.291550765 43.6216336272 418.260487235 187.478528373
2002/08/31/big/img_18008 -6.29234325459 1.78384397386 69.4888952546 109.409356026
2002/08/31/big/img_18008 165.378240139 66.3751055081 238.927757861 177.693294492
2002/08/31/big/img_18008 255.203540352 80.1240684928 332.018539648 187.583131507
2002/08/31/big/img_18008 357.411772294 124.630122968 424.850427706 211.903677032
2002/08/22/big/img_249 80.0707282606 11.9983718729 187.683943739 191.648030127
2002/08/17/big/img_971 89.5593676791 72.1920139381 185.190432321 219.792186062
2002/08/04/big/img_308 108.870386331 13.4298896251 214.323917669 166.275046375
2002/07/28/big/img_362 96.0376055364 24.8843581079 237.792436464 236.576095892
2002/08/12/big/img_142 185.601976796 86.1698426295 247.695223204 183.70945337
2002/08/26/big/img_61 46.9889579416 43.010418808 244.858442058 357.539561192
2002/08/14/big/img_422 71.1242218719 11.013489194 163.988218128 158.040658806
2002/07/19/big/img_607 93.90987 63.847923 169.022922 176.679545
2002/07/19/big/img_607 176.762596763 21.9264543436 238.221735237 115.700597656
2003/01/15/big/img_717 28.2417367781 212.763908719 123.280663222 354.304091281
2003/01/15/big/img_717 176.024408051 102.468104794 268.071791949 244.120095206
2002/08/01/big/img_1475 89.7704324855 35.8352898773 228.975639514 268.761306123
2002/08/29/big/img_19061 86.654276393 271.734297799 173.025723607 403.015302201
2003/01/01/big/img_346 214.088698053 31.0563781805 300.043301947 172.98142182
2003/01/01/big/img_346 281.604799591 37.9134042149 365.269716409 159.426735785
2002/07/20/big/img_315 112.53564962 24.0124578195 199.11146838 158.449550181
2003/01/15/big/img_756 100.176338471 30.6884236453 201.049461529 186.664776355
2003/01/15/big/img_756 39.1810453443 8.8892112565 139.026354656 149.641388744
2002/08/15/big/img_879 37.3783645302 21.9824761602 200.62523547 258.24652384
2002/08/15/big/img_879 150.904743212 87.5026316688 353.452256788 374.047768331
2002/08/08/big/img_615 160.801969595 10.3690220127 237.151308405 119.344501987
2003/01/13/big/img_431 78.8086187538 11.5918742558 162.612647246 137.945033744
2003/01/13/big/img_431 206.443837379 45.0761679817 279.901562621 157.419832018
2003/01/13/big/img_431 294.974093765 60.5357403038 362.904204235 168.690659696
2003/01/13/big/img_431 362.082008046 124.091665904 394.077991954 168.816568096
2003/01/13/big/img_431 382.624477946 109.454606077 408.443436054 147.992699923
2002/08/05/big/img_3233 196.979754343 78.0582434075 342.954321657 312.470566593
2002/08/24/big/img_526 119.591103846 39.4797889516 231.725484154 201.561835048
2003/01/13/big/img_717 163.109583065 12.8340097946 242.183400935 126.242590205
2002/09/01/big/img_16408 193.304498075 124.648899912 297.844701925 282.517300088
2002/07/22/big/img_217 176.650362185 17.6161158957 294.860513815 199.064200104
2002/07/31/big/img_960 87.2358652579 24.6690610823 178.623814742 161.606128918
2002/07/31/big/img_960 267.462911119 107.91467279 383.841028881 292.78707521
2002/08/21/big/img_610 -4.20250294808 62.1359689628 133.180302948 300.656631037
2002/08/21/big/img_610 169.670053495 27.8594540186 292.526146505 236.461943981
2002/08/05/big/img_3753 252.227938292 6.49808483759 394.852641708 226.563749162
2002/08/03/big/img_151 -4.76463343586 90.6924728798 74.9021774359 200.27247312
2002/08/03/big/img_151 51.8240874732 278.59132025 135.304818527 395.94001575
2002/08/03/big/img_151 83.0300802135 339.198037335 175.527865787 474.740362665
2002/08/03/big/img_151 177.796951724 34.5858260298 271.818924276 159.85279797
2002/08/03/big/img_151 331.668431902 6.71273493045 398.142664098 102.13436307
2002/08/03/big/img_151 387.507641665 86.0561445115 454.372944335 174.313535488
2002/08/21/big/img_267 101.749970637 23.8099234223 212.434887363 180.791308578
2002/08/01/big/img_2175 89.1471841038 110.668063514 290.316065896 414.798238486
2002/08/04/big/img_556 105.918368526 218.582429467 201.267773474 355.654184533
2002/08/04/big/img_556 68.9334967393 -39.9081928553 243.043999261 194.310300855
2002/08/21/big/img_527 115.016158001 54.629821583 189.429841999 166.305978417
2002/08/21/big/img_527 211.394573033 30.9686431537 291.280426967 162.500356846
2002/09/02/big/img_15800 83.4946152549 94.1179723326 183.117784745 238.425227667
2002/09/02/big/img_15800 152.431874656 39.3665806989 260.130325344 194.436219301
2002/07/27/big/img_156 101.14644645 29.903104072 200.20666755 195.728941928
2002/07/20/big/img_590 10.5230749665 60.2817660666 102.281667034 178.585097933
2002/07/20/big/img_590 183.656159 28.559156 262.832907 147.56261
2002/07/20/big/img_590 255.865415746 71.7062211857 351.447842254 191.128324814
2002/08/15/big/img_700 61.4543279735 71.1482009897 112.838672027 146.55999901
2002/08/15/big/img_700 294.906510803 -14.1065375291 418.889289197 161.024337529
2002/08/08/big/img_444 78.4384069353 11.1461612071 171.375881065 143.935754793
2002/08/08/big/img_444 306.033586793 15.6766442755 390.889119207 145.937971724
2002/07/25/big/img_94 89.8728993028 22.8282534987 252.824962697 288.231320501
2002/07/24/big/img_778 91.970211388 19.3254196777 186.146236612 157.445562322
2002/08/14/big/img_694 76.9430284551 47.1914990465 284.046971545 336.055700953
2002/07/20/big/img_666 104.610503657 41.7629521858 209.810126343 204.944255814
2002/08/02/big/img_200 66.9795379947 77.3377064013 172.717528005 221.633553599
2002/08/02/big/img_200 217.710629855 24.7970747414 322.342396145 189.553757259
2002/08/02/big/img_200 308.233669211 26.6252929133 415.057518789 190.827677087
2002/08/02/big/img_578 10.4310945072 26.727654808 130.693295493 223.563807192
2002/08/02/big/img_578 116.560960525 41.2875939477 287.662887475 298.802364052
2003/01/17/big/img_332 59.6259872799 36.9490847043 150.17801272 191.564915296
2003/01/17/big/img_332 142.23778391 77.0695925677 234.11461609 216.201807432
2002/09/01/big/img_16352 152.948382681 134.863242675 283.014217319 305.052957325
2002/09/01/big/img_16352 -3.94607888375 49.0659546618 49.3188788837 131.573045338
2002/09/01/big/img_16352 129.351692603 10.7222103345 177.368107397 83.1207896655
2002/08/27/big/img_19668 100.556591409 22.7198417316 240.258372591 244.017232268
2002/07/23/big/img_823 58.791629578 18.7115086567 255.457546422 337.358007343
2002/08/13/big/img_431 92.7431424303 26.5599888883 232.60445757 223.626811112
2003/01/16/big/img_463 50.0414457703 10.0864169026 119.32335423 113.107183097
2003/01/16/big/img_463 186.0632589 27.997404894 252.6559411 138.919795106
2003/01/16/big/img_463 293.015395274 143.15625285 367.771204726 254.64514715
2002/08/27/big/img_19711 165.216738329 2.35013963137 397.023057671 324.093134369
2002/08/23/big/img_154 140.279435116 139.412343456 247.803800884 302.429300544
2002/07/31/big/img_360 -37.0364057454 67.1406518318 57.3554717454 219.089178168
2002/07/31/big/img_360 97.3089691432 10.1058474877 231.352702857 234.550056512
2002/08/23/big/img_555 111.069261545 110.898068917 208.783584455 251.663659083
2002/08/23/big/img_555 166.049194842 44.9723218732 255.930779158 176.894176127
2002/08/10/big/img_561 157.872818409 20.888071314 238.083195591 142.789956686
2003/01/14/big/img_550 73.0504340992 29.5793063689 227.112965901 274.336893631
2002/08/07/big/img_1370 66.1056137253 0.546568418209 146.356240275 127.630223582
2002/08/07/big/img_1370 118.717143722 112.927082806 214.485616278 270.821501194
2002/07/30/big/img_1184 150.255160162 53.5330551656 274.785439838 253.848144834
2002/07/30/big/img_1184 296.518364104 85.3429726443 388.567235896 214.701443356
2002/07/30/big/img_1184 392.48121628 -10.3837675628 461.47598372 88.0739675628
2002/07/30/big/img_1184 7.15756863669 -28.7455187139 85.2736313633 69.5451187139
2002/07/30/big/img_1184 226.990113264 -1.56577056429 311.151190736 114.250570564
2002/07/30/big/img_1184 365.073921406 -6.61961348222 401.559878594 41.5350134822
2002/08/01/big/img_1445 104.737194593 17.8469260494 167.816357407 117.296215951
2002/08/01/big/img_1445 261.519806013 15.9062849589 325.562409987 113.938083041
2002/08/23/big/img_22 122.854150656 31.9177539323 208.012485344 155.318128068
2002/07/30/big/img_606 82.4725225442 15.7372611046 235.415077456 264.646538895
2002/07/30/big/img_606 277.129668362 27.0957467518 410.045531638 244.211133248
2002/07/30/big/img_606 196.328216843 -22.1845823419 273.572583157 88.8285823419
2002/07/30/big/img_606 371.381539273 -20.0825874774 446.739260727 84.0487874774
2003/01/17/big/img_271 92.109557167 16.5508016772 181.207842833 166.644198323
2002/08/31/big/img_17316 107.140933744 24.109710196 183.119066256 136.753689804
2002/08/31/big/img_17316 265.90445989 30.5816215105 303.83361411 81.9769204895
2002/08/16/big/img_973 6.46424585196 27.4654046738 168.607554148 288.645395326
2002/08/16/big/img_973 256.978991619 334.285776885 283.209608381 400.299423115
2002/07/26/big/img_77 74.0910030394 153.464855839 202.083134961 334.508304161
2002/07/26/big/img_77 171.099722195 -23.2060916325 275.471193805 133.028493632
2002/07/20/big/img_788 114.850897923 35.1858144853 226.289644077 224.758059515
2002/08/06/big/img_2426 52.2227667587 22.5588309867 222.293243241 267.250189013
2002/08/07/big/img_1498 238.553657373 49.4788493846 323.331568627 169.355170615
2002/08/16/big/img_358 6.39729790284 -11.181419927 68.5963020972 79.830619927
2002/08/16/big/img_358 119.231377651 23.5609269949 218.920622349 197.523873005
2002/08/16/big/img_358 299.018914742 -5.97488002265 358.545685258 79.2938800226
2002/08/06/big/img_2851 81.4867814018 26.014773407 179.078000598 187.277198593
2002/08/12/big/img_359 253.727026981 22.7818744 335.103573019 168.2763256
2002/08/01/big/img_1521 210.740973554 -6.55610665414 277.399118446 96.1327126541
2002/08/02/big/img_709 76.7139017554 36.2404479606 137.538230245 133.188942039
2002/08/02/big/img_709 280.32122426 43.7375830108 343.78675574 145.943174989
2002/08/20/big/img_935 85.7462277187 23.4879342425 202.584002281 202.925591758
2002/08/20/big/img_935 260.414041026 137.297560629 306.714588974 208.353839371
2002/08/12/big/img_188 49.8374515571 34.9233122389 233.815348443 303.686687761
2002/08/24/big/img_411 115.079797053 40.0143760101 261.988136947 251.33542399
2002/08/22/big/img_680 189.197554878 34.2501012312 267.433953122 149.722452769
2002/08/22/big/img_680 290.967258659 37.5396351442 369.314075341 143.215570856
2002/08/06/big/img_2480 87.9731197757 119.502709509 161.370280224 228.732690491
2002/08/06/big/img_2480 281.490861952 167.696719874 355.900338048 278.965480126
2002/08/06/big/img_2480 43.3601928917 369.325265233 116.136407108 475.699534767
2002/07/20/big/img_627 96.221688 -1.840701 195.154672 148.424265
2002/07/30/big/img_214 117.555841455 56.8960002962 213.217070545 211.537479704
2002/07/25/big/img_354 170.89623212 52.7818502415 270.58261988 217.150567759
2002/08/02/big/img_636 155.031810202 21.2286775379 298.997959798 243.211226462
2003/01/15/big/img_661 211.278034184 65.6116029947 322.411765816 234.102597005
2002/08/07/big/img_1327 48.6620349678 74.2836086808 146.299787032 219.929873319
2002/08/07/big/img_1327 192.788448051 53.8732936608 289.275875949 202.828314339
2002/08/01/big/img_2108 70.1528385222 37.3470165079 226.160501478 300.832481492
2002/08/31/big/img_17919 73.0615758866 49.083712785 155.072234113 168.570747215
2002/08/31/big/img_17919 151.061770287 38.8544864563 246.707429713 163.533113544
2002/08/31/big/img_17919 333.666878779 113.356212569 422.734121221 243.084587431
2002/08/29/big/img_18768 102.913945312 -7.75287579494 206.420054688 146.214275795
2002/08/29/big/img_18768 113.80639485 206.979524836 251.31540515 419.472675164
2002/08/05/big/img_3840 52.1459037859 137.047126384 121.154496214 242.485273616
2002/08/05/big/img_3840 263.286862294 148.248235473 331.110137706 257.040964527
2002/07/26/big/img_242 62.4112995159 40.139899964 185.618028484 226.925788036
2002/07/26/big/img_242 247.933613661 20.3543112361 317.330160339 117.489088764
2002/07/26/big/img_242 -36.2584096169 69.0039963861 49.7030456169 192.967637614
2002/07/26/big/img_242 0.80554410044 7.47478711155 38.1477818996 65.3793548884
2003/01/14/big/img_451 107.143685759 132.989961956 223.251636241 343.710638044
2002/08/20/big/img_923 26.623721168 93.6591573085 69.284618832 159.627734691
2002/08/20/big/img_923 84.1549954132 43.7075810079 158.089990587 143.583176992
2002/08/20/big/img_923 185.546444454 39.1248443713 255.196955546 137.623355629
2002/08/20/big/img_923 297.662652148 14.4498290053 363.822759852 119.046570995
2002/08/20/big/img_923 365.485956875 78.0242048132 401.832063125 132.770847187
2002/08/27/big/img_19908 93.3697756958 77.2436737176 163.300106304 188.827474282
2002/08/27/big/img_19908 286.412063579 77.0030678651 356.409484421 188.973924135
2002/08/16/big/img_282 166.885688171 163.182232178 248.222911829 285.114967822
2002/08/19/big/img_440 24.8737198969 100.088214142 137.991992103 269.055961858
2002/08/19/big/img_440 209.605346903 24.507989265 368.379857097 264.526360735
2003/01/01/big/img_230 31.802722922 45.5307781591 83.501319078 137.903315841
2003/01/01/big/img_230 120.310101423 15.5362837958 230.485438577 177.124716204
2003/01/01/big/img_230 278.502487212 69.9531791511 323.210912788 138.880020849
2003/01/01/big/img_230 332.315192225 83.9141287935 387.566117775 159.282799207
2002/08/08/big/img_212 79.3349036569 33.216152553 149.534276343 145.179343447
2002/08/08/big/img_212 228.912858517 36.4705678726 296.713791483 142.024814127
2002/07/20/big/img_443 87.457004 225.749081 155.349858 326.254437
2002/07/20/big/img_443 56.195023 -13.411612 264.728053 276.64238
2002/07/20/big/img_443 275.837919 346.055883 304.986405 412.822495
2002/08/25/big/img_635 52.3345160845 41.4916294343 127.048483916 152.321524566
2002/08/25/big/img_635 192.821367884 49.5654822832 264.647832116 156.673117717
2002/08/25/big/img_635 312.675756568 16.17230432 371.959443432 121.37476368
2003/01/13/big/img_1169 73.3945965073 10.7366956713 161.156051493 158.335506329
2002/07/26/big/img_998 86.4022967789 18.8107340516 165.940729221 131.679485948
2002/07/26/big/img_998 293.25896086 56.8060885934 364.03250514 163.012063407
2002/08/15/big/img_995 46.5364283131 42.3304861659 216.137971687 293.405513834
2002/08/15/big/img_995 162.063639939 164.388316 298.483360061 348.093884
2002/08/06/big/img_3002 177.043123626 15.8202103274 266.044400374 170.505383673
2002/08/06/big/img_3002 258.15188879 70.0990077726 352.28739721 211.166186227
2002/07/29/big/img_460 48.6656534938 13.9663258958 139.726314506 178.606646104
2002/07/29/big/img_460 230.230694396 131.960726883 314.670231604 267.046191117
2002/07/29/big/img_460 252.047432255 55.6624072714 333.232655745 181.142900729
2003/01/14/big/img_925 86.081225595 43.9835290446 298.984374405 371.122070955
2003/01/14/big/img_925 1.34524125862 68.5448662187 75.6637587414 177.492133781
2003/01/14/big/img_925 17.0651104656 198.481457827 96.6788895344 314.306742173
2003/01/14/big/img_925 227.094185338 74.3148047485 337.709414662 236.923195252
2002/07/23/big/img_539 126.943030516 29.680481202 329.376409484 321.973124798
2002/07/23/big/img_539 16.4423338688 115.179355253 185.101506131 331.848194747
2002/08/16/big/img_694 81.2960510853 14.0704216044 149.969148915 122.886178396
2002/08/16/big/img_694 279.659323315 43.169365042 352.407676685 152.986834958
2003/01/13/big/img_459 107.191804901 24.0191330328 243.790311099 248.292168967
2003/01/13/big/img_459 284.783803024 133.401780474 330.736942976 209.324359526
2002/07/23/big/img_249 72.3390946044 17.8268461006 263.636831396 309.224305899
2002/08/20/big/img_539 115.992575939 58.9955337542 206.604250061 200.248632246
2002/08/04/big/img_186 161.2708701 34.4947537558 229.7182519 130.440676244
2002/08/04/big/img_186 217.246584257 312.584688456 273.875727743 398.905901544
2002/08/04/big/img_186 21.7378587436 294.78014504 78.0747712564 382.14004896
2002/08/04/big/img_186 254.371441155 11.7510765535 286.548668845 58.3233034465
2002/08/04/big/img_186 148.064609754 3.05092171606 176.436214246 46.6756022839
2002/08/04/big/img_186 29.6654363109 136.806349919 70.8862176891 188.762356081
2002/08/04/big/img_186 4.63858371451 3.53369284897 35.2145242855 47.260093151
2002/08/26/big/img_264 12.720494363 0.833209355523 146.112799637 188.450780644
2002/08/26/big/img_264 127.848857121 54.1695682896 276.073112879 275.26036571
2002/08/26/big/img_264 313.011808606 139.311720979 429.009791394 299.905239021
2002/07/22/big/img_704 127.599315487 42.4901144339 191.651642513 137.332821566
2002/07/22/big/img_704 78.5966859943 -16.2728218871 131.989300006 61.5403358871
2002/07/22/big/img_704 189.782255449 6.86862300241 229.127420551 65.5894409976
2002/07/22/big/img_704 232.270564602 -21.5029585566 285.564231398 63.2287925566
2002/07/22/big/img_704 -14.0427916353 10.9235925579 22.2617696353 81.6457494421
2002/08/25/big/img_277 57.1932203381 31.8640685578 288.700183662 405.188439442
2002/08/22/big/img_988 9.25790782545 105.732064615 152.839596175 343.441213385
2002/07/29/big/img_504 -8.59971253774 -10.4725494557 62.6250845377 99.4761734557
2002/07/29/big/img_504 102.160885147 40.5066614757 179.278066853 143.404882524
2002/07/29/big/img_504 181.031574786 42.512260501 260.810547214 156.002857499
2002/08/05/big/img_3600 46.297914146 29.8699302337 169.651885854 223.442069766
2002/08/05/big/img_3600 287.264608717 25.7552407585 406.519991283 233.183959242
2002/08/30/big/img_18380 112.088272048 51.8868184248 224.185127952 215.474381575
2002/08/30/big/img_18380 243.541107575 103.03920796 351.093406425 287.37939204
2003/01/14/big/img_937 39.4545995921 18.1073454609 254.534200408 397.867454539
2002/08/21/big/img_254 34.7742860685 39.274399078 254.053801931 368.196810922
2002/08/10/big/img_130 66.2723373047 39.153664718 192.543198695 244.218523282
2002/08/20/big/img_339 86.2454526728 57.4220496008 192.946747327 225.651750399
2003/01/14/big/img_428 -13.1771860149 74.5777804891 64.9559860149 205.370819511
2003/01/14/big/img_428 157.15263692 76.9658572198 246.24896308 210.22534278
2003/01/14/big/img_428 218.744877519 10.2499574073 296.678722481 120.304042593
2002/08/20/big/img_889 36.4973412667 16.1402998066 123.746964733 134.480900193
2002/08/20/big/img_889 176.018625001 75.4123535801 267.387824999 213.19044642
2002/08/20/big/img_889 316.401479845 20.1367846574 404.060674155 166.029415343
2002/08/31/big/img_17637 23.5875845225 34.7794921567 55.1258794775 79.5865078433
2002/08/31/big/img_17637 63.9848942499 -3.28627288607 93.9766437501 34.9489928861
2002/08/31/big/img_17637 67.128660063 13.3733617405 140.998669937 135.24056426
2002/08/31/big/img_17637 135.082628274 -8.74513820663 163.082051726 35.5251382066
2002/08/31/big/img_17637 226.125666736 84.4968133773 260.056151264 137.645386623
2002/08/31/big/img_17637 248.12822688 33.8648973042 280.22471312 80.6309006958
2002/08/31/big/img_17637 310.379938309 12.1828839148 343.573549691 63.6930840852
2002/08/31/big/img_17637 387.630069446 -4.50883201243 425.813190554 47.8931580124
2002/08/31/big/img_17637 305.197194224 67.4296768954 341.100017776 124.211189105
2002/07/26/big/img_644 312.198746129 16.4710559646 396.724575871 143.597124035
2002/09/01/big/img_16776 92.9657438351 23.4208726036 228.501656165 243.069725396
2002/09/01/big/img_16776 283.268684058 49.6058425738 403.022715942 226.008557426
2002/08/06/big/img_2239 39.0177636766 11.786422659 218.927868323 265.477907341
2002/08/06/big/img_2646 211.969306856 27.7106340176 278.872125144 138.445375982
2003/01/13/big/img_491 108.129443124 35.2861588213 226.009550876 212.951171179
2003/01/13/big/img_491 -9.02159558597 -12.0061242985 50.964389586 79.9723862985
2002/08/10/big/img_579 154.140427627 119.007811258 254.919386373 299.831100742
2002/08/21/big/img_713 54.487633252 28.4882828653 252.941566748 369.570317135
2002/08/22/big/img_482 15.9245925905 145.833934104 117.503483409 292.002399896
2002/08/22/big/img_482 -14.4380612411 173.648995361 46.4940872411 268.695634639
2002/08/22/big/img_482 137.771003015 164.4809572 183.394174985 231.7660828
2002/08/22/big/img_482 200.242471673 212.079849192 243.109782327 283.028672808
2002/08/22/big/img_482 284.161061124 171.366926814 361.502950876 292.862393186
2002/08/22/big/img_482 375.164247096 183.522272376 434.043544904 275.449457624
2002/07/22/big/img_167 129.970723792 -16.7567922321 291.409000208 227.209196232
2002/07/24/big/img_539 20.065963094 59.0369727812 117.447742906 184.783251219
2002/07/24/big/img_539 244.866390356 34.9498728862 328.983617644 182.960131114
2002/08/14/big/img_721 213.199658836 43.7442230423 347.275741164 224.620576958
2002/07/25/big/img_389 63.3016746359 28.7839509473 272.967337364 308.280041053
2002/09/01/big/img_16591 58.0112497183 105.458497251 116.205278282 188.900902749
2002/09/01/big/img_16591 210.430404739 111.606606735 273.936195261 201.867993265
2002/08/13/big/img_543 179.653038726 30.8636702689 248.063205274 141.434115731
2003/01/14/big/img_432 8.84376389777 31.386757881 81.6510601022 128.838642119
2003/01/14/big/img_432 210.637698023 19.8846751427 287.505301977 137.390124857
2002/08/09/big/img_287 83.8707929132 5.44879724778 218.211127087 203.408886752
2002/07/26/big/img_126 110.910491572 22.7692550261 220.815364428 199.327316974
2002/08/23/big/img_412 100.104430902 27.2570139176 323.273171098 360.841632082
2002/08/15/big/img_1034 26.3224732099 63.0370018409 122.31692679 216.307798159
2002/08/15/big/img_1034 259.455922925 -2.21663729688 350.167477075 131.075037297
2002/08/15/big/img_1034 262.142927195 209.443296111 399.022672805 407.897903889
2002/08/28/big/img_19485 66.2372821143 32.702093426 209.876629886 255.389200574
2002/07/31/big/img_236 13.6804740468 141.192192346 91.5971259532 248.095607654
2002/07/31/big/img_236 102.560054612 46.796834142 194.198745388 186.976165858
2002/07/31/big/img_236 176.37631605 56.5877604218 272.10608395 204.799639578
2002/07/31/big/img_236 314.182846992 76.6751743589 430.968753008 246.833825641
2002/07/30/big/img_523 129.800161795 124.726848542 277.804394205 364.856039458
2002/07/19/big/img_141 152.833986359 35.5789281609 217.344845641 145.167877839
2003/01/17/big/img_957 58.2608087199 53.4224715773 213.37330928 276.723928423
2002/08/04/big/img_81 260.717200399 12.3068479769 415.769193601 240.003544023
2002/07/25/big/img_206 87.622055785 19.6863593964 179.809146215 149.039912604
2002/08/15/big/img_716 154.179104062 18.8714011239 254.224695938 167.709598876
2002/08/13/big/img_403 139.20440352 31.3394991298 270.68739648 245.63850087
2002/08/15/big/img_685 180.15521313 19.4371575021 285.53118687 195.128842498
2002/07/26/big/img_884 94.0016278234 38.5249867774 292.112362177 332.208665223
2002/07/19/big/img_499 89.154467 -56.465267 364.563615 307.867841
2002/07/23/big/img_772 30.1991414673 47.3082331963 207.925258533 321.178868804
2002/07/27/big/img_752 17.6424178374 108.93085316 92.2883941626 219.63438884
2002/07/27/big/img_752 174.571127161 82.4743565142 242.847810839 190.578153486
2003/01/14/big/img_493 195.646820961 107.78158413 280.208579039 233.80481587
2002/08/25/big/img_664 34.4794710082 41.8777605437 110.318728992 163.069529456
2002/08/25/big/img_664 190.102954093 40.1072314313 262.046691907 159.592190569
2002/08/25/big/img_664 333.45941567 32.685359382 405.06998433 145.801968618
2002/07/31/big/img_334 37.9853812998 47.6485882229 121.5053567 194.600081777
2002/07/31/big/img_334 177.281115086 48.3234237663 265.200204914 194.939290234
2002/07/31/big/img_334 317.072734291 46.695407234 407.984315709 197.403808766
2002/08/26/big/img_678 80.9003320225 6.66651593589 167.271667978 124.174284064
2002/08/26/big/img_678 243.198561619 28.9307506333 321.780438381 124.228849367
2002/09/01/big/img_16541 53.396055857 19.6702800757 124.510944143 134.620719924
2002/09/01/big/img_16541 158.362658037 49.0231783201 211.999341963 127.43522168
2002/09/01/big/img_16541 288.787922469 54.7929838559 346.514077531 138.072416144
2002/09/01/big/img_16541 377.135983439 34.5546893 446.791816561 134.7933107
2003/01/14/big/img_347 51.4099133805 19.1965558166 147.401900619 187.222084183
2002/07/23/big/img_187 115.445832831 33.4302058439 264.307559169 250.798448156
2002/07/30/big/img_1163 47.1056526849 36.5407319237 251.163139315 350.460124076
2002/08/05/big/img_35 123.817793472 11.7219756482 190.726150528 124.167834352
2002/08/22/big/img_944 246.071448734 33.3673424714 313.810959266 142.424703529
2002/08/07/big/img_1239 250.503391078 9.47754211182 328.225700922 139.029935888
2002/07/29/big/img_1215 167.749700154 131.854833736 259.912671846 280.881534264
2002/07/29/big/img_1215 253.8293712 33.838508248 317.0879388 127.413125752
2002/07/29/big/img_1215 124.407582294 112.149624031 190.053251706 209.817737969
2002/08/03/big/img_312 112.458131139 24.8266332024 187.150396861 155.868684798
2002/08/05/big/img_3523 28.7264559231 34.6808836268 269.829982077 417.431302373
2002/07/29/big/img_218 46.8978877319 44.7408780319 243.294962268 364.490351968
2002/08/13/big/img_672 71.1875358043 97.2490990491 147.886424196 212.963218951
2002/08/13/big/img_672 114.869898713 10.4362224196 175.076681287 98.7060635804
2002/08/13/big/img_672 278.581985111 40.461119222 367.869482889 178.331880778
2002/08/16/big/img_205 165.777484363 37.0962800704 270.625515637 194.95991993
2002/08/17/big/img_594 64.1843653968 30.7069595901 136.470634603 142.32384041
2002/08/17/big/img_594 208.637740917 85.9856611363 274.004459083 186.481138864
2002/07/29/big/img_1411 31.0679369418 28.5215534992 111.687597058 142.621174501
2002/07/29/big/img_1411 184.754316805 28.8081904285 308.990045195 207.844385572
2002/07/30/big/img_942 122.673672708 -9.49218827334 357.773591292 333.873856273
2003/01/16/big/img_312 83.1773641098 20.3690886685 145.71323589 110.518711332
2003/01/16/big/img_312 275.596900384 38.3469291681 339.946099616 129.424870832
2002/08/08/big/img_312 305.52835781 26.4878849492 371.13054819 123.657007051
2002/07/25/big/img_15 35.9542323929 63.3873260862 104.300209607 171.111771914
2002/07/25/big/img_15 169.825354831 16.2370143779 248.097905169 120.677249622
2002/07/25/big/img_15 341.10384691 45.5154999059 426.86999309 163.977958094
2002/07/25/big/img_15 -12.9045313343 -10.1292881148 33.6056793343 92.4166441148
2002/07/25/big/img_15 225.800921968 59.0975994377 273.118092032 131.518596562
2002/08/09/big/img_839 42.9915015638 31.7197294524 265.270698436 357.824558548
2002/08/01/big/img_2069 115.677690026 13.1292466005 185.935789974 121.8652794
2002/08/01/big/img_2069 275.374547517 81.6327793028 344.688750483 185.526546697
2002/08/31/big/img_17512 117.111010596 44.695153591 189.072589404 168.511646409
2002/08/01/big/img_3 86.0799654543 36.2832504887 146.784606546 123.697789511
2002/08/01/big/img_3 187.690388695 56.4621119886 249.486999305 153.926620011
2002/08/01/big/img_3 196.637038727 8.97352828454 262.086667273 105.910605715
2002/08/01/big/img_3 -15.6333096673 1.81690108536 23.3468216673 66.5722869146
2002/07/31/big/img_320 52.9000660186 32.4996294426 185.698681981 248.618266557
2002/07/31/big/img_320 252.655499634 41.2522718707 393.256444366 236.597686129
2003/01/15/big/img_1265 204.239243428 -0.0662744961795 340.923156572 195.184274496
2002/08/14/big/img_563 110.057645985 36.1264242686 201.705954015 168.994775731
2002/07/31/big/img_167 241.978092115 14.0655375569 327.702073885 149.407754443
2002/08/20/big/img_374 38.638522258 153.430771026 168.228311742 321.095616974
2002/08/20/big/img_374 188.293248763 19.9133286069 351.970951237 272.233459393
2002/08/20/big/img_374 382.649912582 176.942128246 438.750415418 255.356071754
2002/08/13/big/img_406 69.4373390465 44.6965042362 201.131060954 239.452095764
2002/08/08/big/img_625 252.260167622 14.3185661084 375.578846378 200.851169892
2002/08/02/big/img_314 47.3084806357 23.1061033739 232.514543364 330.525412626
2002/08/27/big/img_19964 178.067100447 24.1625948115 291.369729553 181.314205189
2002/09/01/big/img_16670 84.3579365417 15.480445645 133.366863458 89.909754355
2002/09/01/big/img_16670 198.975750525 -3.85251958503 241.980849475 61.466919585
2002/09/01/big/img_16670 268.239372121 22.8044261649 351.942027879 150.132773835
2002/09/01/big/img_16670 246.982728108 -9.86264920882 273.890071892 25.4898492088
2002/07/31/big/img_599 114.86959939 17.0520341391 245.83926861 214.475743861
2002/08/29/big/img_18906 -16.5189952454 -40.6885495479 126.498595245 170.432949548
2002/08/29/big/img_18906 92.9587399691 41.6226394373 303.739060031 382.312960563
2002/08/29/big/img_18906 248.201398086 157.984715585 355.928543914 329.868154415
2002/07/24/big/img_373 39.9260864285 12.4715517177 102.538047572 96.0966602823
2002/07/24/big/img_373 179.174096418 22.008504884 223.857933582 85.316379116
2002/07/24/big/img_373 350.33605938 14.6220931934 405.26007662 90.1839268066
2002/07/24/big/img_373 243.775780919 71.9380760609 269.387009081 109.426263939
2002/07/24/big/img_373 278.595002966 83.6155718381 300.071663034 112.594954162
2002/07/26/big/img_513 41.5870395632 33.4994498532 143.117192437 182.643758147
2002/07/26/big/img_513 235.340878124 41.3904033911 351.132379876 214.056610609
2002/09/02/big/img_15497 31.6405245117 19.525864249 117.491369488 157.604135751
2002/09/02/big/img_15497 128.219628206 71.392175649 184.485371794 156.526024351
2002/09/02/big/img_15497 186.409763615 88.4890806837 260.942496385 198.579919316
2002/08/19/big/img_117 37.1363437234 19.3574569472 252.502856277 367.015743053
2003/01/01/big/img_158 49.4632350551 11.1297175959 254.843324945 345.195718404
2002/08/24/big/img_178 167.328224679 40.1256803322 258.514749321 184.446219668
2003/01/13/big/img_935 183.38975402 24.5339616785 295.38531198 189.005038321
2002/08/13/big/img_609 42.9769416392 67.8752098341 146.643838361 222.829390166
2002/08/13/big/img_609 155.124387859 38.6657208662 275.283918141 209.384701134
2002/08/30/big/img_18341 183.592817088 95.5223613369 270.129582912 227.512638663
2002/08/30/big/img_18341 3.08769588479 40.3741561223 59.7494061152 126.565243878
2002/08/30/big/img_18341 13.9610622222 218.492451905 73.0958617778 298.444392095
2002/08/30/big/img_18341 121.239462268 137.691819017 172.687797732 208.306892983
2002/08/30/big/img_18341 262.699355261 120.198153049 314.345786739 198.106450951
2002/08/30/big/img_18341 375.452865731 34.816657723 429.831360269 114.776586277
2002/08/25/big/img_674 81.0444921027 15.2652759339 148.791507897 126.848596066
2002/08/25/big/img_674 219.868078705 65.3925206035 288.017575295 161.872879396
2002/08/25/big/img_674 294.983485206 24.4882867228 352.876904794 113.701309277
2003/01/13/big/img_209 31.8614504797 76.7008227791 89.4193875203 161.885577221
2003/01/13/big/img_209 183.555122191 71.9770979359 244.563933809 163.157034064
2003/01/13/big/img_209 257.785508513 30.6057067367 340.829301487 146.912493263
2003/01/13/big/img_209 355.400529904 91.2517879746 402.336996096 153.561660025
2002/08/13/big/img_258 59.2869361855 52.7735240537 182.186063815 228.458967946
2002/08/13/big/img_258 249.378441221 21.5017810678 380.557758779 206.413018932
2002/08/05/big/img_3543 77.0901087757 17.1295566625 238.822123224 257.638265338
2002/08/07/big/img_1970 76.4719714295 31.2342813019 196.671940571 199.083802698
2002/08/07/big/img_1970 305.999701525 -27.7355775584 408.607328475 126.683819558
2002/08/06/big/img_3004 179.589007329 94.1412336981 262.278178671 218.440464302
2002/08/06/big/img_3004 286.960815174 12.1060219196 411.862688826 185.34614608
2003/01/17/big/img_487 60.385393712 6.72200129132 183.301006288 190.869598709
2002/08/24/big/img_873 -20.2019552083 71.4676070141 78.7581352083 227.400062986
2002/08/24/big/img_873 131.553986124 31.3177115488 203.850809876 135.518462451
2002/08/24/big/img_873 51.3020801312 -2.78336111031 91.7031118688 49.9007011103
2002/08/24/big/img_873 359.288551132 32.4352087007 451.602824868 168.683909299
2002/08/24/big/img_873 199.664857731 43.2066378105 293.616038269 175.811306189
2002/08/29/big/img_18730 168.897346142 118.858479539 277.410649858 276.695994461
2002/08/09/big/img_375 116.836241696 15.8647362602 198.531616304 121.77976374
2002/08/09/big/img_375 262.696300442 169.505494925 342.546409558 288.570757075
2002/08/09/big/img_375 315.827095176 26.0539020445 394.000244824 144.150599956
2003/01/16/big/img_751 76.8499470069 34.8875257448 188.827052993 208.481274255
2002/08/02/big/img_603 92.4251158458 53.913853331 184.826688154 201.442190669
2002/08/19/big/img_325 95.0370987692 16.5215743287 260.307603231 257.282735671
2002/09/01/big/img_16420 99.2147163067 20.7863960496 202.758083693 178.04060395
2002/08/05/big/img_3633 46.8033536118 49.9226962821 175.655046388 243.955703718
2002/08/05/big/img_3633 317.202662643 92.2738890767 429.843137357 233.083110923
2002/08/21/big/img_516 39.807599876 66.117843336 101.495800124 157.780756664
2002/08/21/big/img_516 89.1495652556 129.555580402 137.950034744 201.080019598
2002/08/21/big/img_516 238.77268469 60.7238639395 309.26291531 161.460936061
2002/08/21/big/img_516 320.300392765 69.6428445162 380.211007235 160.572155484
2002/07/19/big/img_501 45.440057 77.98265 214.701675 338.15252
2002/07/26/big/img_688 127.452297981 57.3765567316 200.697162019 166.672207268
2002/07/26/big/img_688 255.564515901 58.2146416302 323.675418099 160.04856837
2002/07/24/big/img_256 91.0557526622 9.62702241938 150.985311338 96.6403775806
2002/07/24/big/img_256 232.536193585 28.0276895125 289.090028415 101.115110488
2002/07/25/big/img_438 78.6093799765 8.55679625301 152.024630024 119.768403747
2002/07/25/big/img_438 291.939487832 18.8609991814 368.024558168 132.006056819
2002/07/31/big/img_1017 162.760899555 11.5399394594 220.342352445 100.499104541
2002/07/31/big/img_1017 292.337259873 66.4487031606 354.975174127 156.998604839
2002/08/22/big/img_512 131.235127793 25.5079626275 202.107490207 143.298597372
2002/08/22/big/img_512 98.1051731879 263.023527343 199.655670812 422.480742657
2002/08/22/big/img_512 232.284533223 27.8688962703 291.302970777 117.97291373
2002/07/21/big/img_543 208.717598723 29.1748994358 414.409655277 325.894642564
2002/08/08/big/img_223 55.8354113012 118.3090019 167.852266699 306.7363641
2002/08/08/big/img_223 287.799562752 42.9673028344 407.003505248 245.366455166
2002/08/19/big/img_189 151.028563626 25.194803142 255.296036374 194.219996858
2002/08/12/big/img_630 66.0814147319 23.1363796864 299.482785268 367.148420314
2002/07/30/big/img_958 102.354758174 171.237442421 160.754241826 246.945957579
2002/07/30/big/img_958 141.06484292 242.818165635 193.70695708 329.652034365
2002/07/30/big/img_958 183.052289677 285.853792369 248.275802323 373.388007631
2002/07/30/big/img_958 182.940928025 154.016522432 232.193071975 224.456677568
2002/07/28/big/img_208 63.7689456419 15.1092219442 141.298462358 138.970008056
2002/08/31/big/img_17691 70.9182724508 175.582632573 151.744501549 283.896767427
2002/08/31/big/img_17691 19.266900311 227.39063783 45.036895689 261.74496217
2002/07/22/big/img_542 20.673701604 39.3362974129 261.197454396 379.291214587
2002/07/19/big/img_741 55.901304 28.039839 308.424112 328.136635
2002/07/19/big/img_158 124.789639 22.98469 237.793169 182.986226
2002/08/15/big/img_399 221.342111945 31.3729694728 289.817688055 142.974630527
2002/08/15/big/img_399 105.492416241 86.8035172749 148.501983759 155.731482725
2002/08/01/big/img_2159 180.552419484 25.3363304683 271.027950516 152.511673532
2002/08/14/big/img_455 110.556229635 15.5373299215 185.844822365 123.542870078
2002/08/14/big/img_455 178.447940231 67.9935036619 244.201831769 162.544654338
2002/08/17/big/img_1011 93.0080057158 26.9386535637 178.697194284 158.624546436
2002/08/26/big/img_744 60.5754818857 25.9815659351 231.769474114 242.800528065
2002/08/12/big/img_624 192.505517077 10.464284579 353.662124923 261.762315421
2002/08/12/big/img_624 340.503003262 142.835299597 452.183944738 331.476300403
2003/01/17/big/img_821 137.883063974 9.29276345124 314.139736026 251.551236549
2002/08/16/big/img_980 182.771658453 61.2217178027 272.722541547 206.059482197
2002/08/16/big/img_980 329.053522426 110.017699077 388.518677574 201.329900923
2002/07/28/big/img_281 63.6960106623 88.6169682608 93.6292993377 128.883031739
2002/07/28/big/img_281 86.1013159894 124.237349449 120.097062011 167.110188551
2002/07/28/big/img_281 136.303909919 175.033760907 213.018400081 284.960491093
2002/07/28/big/img_281 122.283245354 279.101167407 182.047120646 368.699384593
2002/07/25/big/img_171 83.5574042944 28.8870519582 164.566661706 167.605210042
2002/07/25/big/img_171 254.765053179 36.6549319894 351.267828821 183.658292011
2002/07/25/big/img_171 116.494732636 -40.3403013197 209.531335364 76.6439233197
2002/08/03/big/img_116 99.0299426462 18.6297924194 180.717207354 149.129655581
2002/08/03/big/img_116 242.789716585 96.4951200927 299.268535415 177.914885907
2002/08/03/big/img_116 307.086048153 32.7440867123 352.748499847 95.6403412877
2002/07/22/big/img_467 47.7589215491 44.2498444555 258.021746451 341.039779545
2002/07/31/big/img_750 31.6399492334 27.7731133795 165.968582767 261.063744621
2002/07/31/big/img_750 165.126355409 41.5545419213 296.344628591 238.809248079
2002/07/31/big/img_750 247.007588211 27.2479881826 321.433609789 136.516433817
2002/07/26/big/img_435 86.6763651874 27.180854004 218.288220813 243.157233996
2002/07/19/big/img_822 63.6038584244 40.6000496468 279.754707576 347.033026353
2002/08/13/big/img_626 121.632560241 24.5267321606 213.493639759 157.574967839
2002/08/13/big/img_626 231.055831089 34.1072591381 325.495168911 186.216140862
2002/08/11/big/img_344 174.396515695 8.83890101533 263.382946305 154.332756985
2002/08/02/big/img_473 103.671322152 19.1169394981 168.500253848 122.391980502
2002/09/01/big/img_16817 116.455709994 124.163862886 151.722890006 173.967937114
2002/09/01/big/img_16817 142.974282836 67.2024950446 226.627717164 188.711904955
2002/09/01/big/img_16817 270.102551385 85.5291781856 338.209648615 188.663821814
2002/09/01/big/img_16817 323.902667888 90.5749999915 368.020732112 159.568800009
2002/09/01/big/img_16817 387.377866835 57.7097167312 475.152933165 187.191883269
2002/08/01/big/img_1275 69.2696197848 50.6924227061 128.623502215 143.116087294
2002/08/01/big/img_1275 125.886367694 96.7579086515 156.541342306 147.609559349
2002/08/01/big/img_1275 271.9563915 11.4493695865 341.0529785 117.087688414
2002/08/28/big/img_19270 187.694030499 222.937721398 257.891169501 320.624278602
2002/07/23/big/img_607 240.129818684 -5.98345519891 340.648679316 155.872703199
2002/07/23/big/img_607 148.762743692 20.8492837018 203.498028308 117.071204298
2002/08/09/big/img_316 97.9084625513 13.1490068678 191.331135449 185.305179132
2002/07/29/big/img_626 203.264291631 7.7526651737 393.425432369 297.054210826
2002/07/24/big/img_824 123.909761273 15.4063159328 244.591638727 184.409884067
2002/07/22/big/img_342 29.1261708281 19.3370736105 102.047945172 133.10277039
2002/07/22/big/img_342 99.4621462789 54.0422993337 170.049387721 152.803048666
2002/07/22/big/img_342 284.938160752 48.9917073562 357.901441248 164.165332644
2002/07/22/big/img_342 340.638677282 91.4624972474 411.741934718 191.972782753
2002/07/22/big/img_342 162.974348473 34.9949380332 239.846347527 156.602443967
2002/07/22/big/img_342 246.097623318 118.744915928 306.720870682 200.146376072
2002/08/08/big/img_794 109.520911796 48.6932217988 219.970612204 226.934118201
2002/08/07/big/img_1209 5.94418243858 -12.6322597101 95.6191615614 120.52064771
2002/08/07/big/img_1209 75.8552010538 29.17400563 171.057492946 157.46650437
2002/08/07/big/img_1209 184.618844357 65.9325817335 289.235139643 209.694396267
2002/07/19/big/img_18 161.494564783 22.5863834797 240.701451217 144.60621852
2002/08/25/big/img_634 76.5004070787 23.6655616607 153.689192921 138.659392339
2002/08/25/big/img_634 185.424428383 87.9925839556 259.698771617 201.253264044
2002/08/25/big/img_634 329.906720564 18.3485062341 403.608595436 137.042093766
2002/07/24/big/img_730 172.69964686 16.1069578809 300.18807114 205.339742119
2003/01/17/big/img_356 54.4536188413 34.4005738284 243.575581159 300.399426172
2002/07/23/big/img_305 27.5017416546 83.5476778607 175.525874345 318.876196139
2002/07/23/big/img_305 101.552786294 67.1428856201 265.065141706 293.42155638
2002/07/30/big/img_453 35.586627272 28.0215794411 223.733558728 315.913654559
2003/01/13/big/img_972 44.2338760147 17.4054766074 270.397861985 337.099267393
2002/08/06/big/img_2610 132.314433505 29.4026145619 228.352892495 191.943251438
2002/08/29/big/img_18920 78.735668787 32.1341208426 233.185531213 286.100679157
2002/07/31/big/img_123 150.042234053 16.8517043924 248.743259947 181.182503608
2002/07/26/big/img_979 129.492082162 25.6067493223 260.136657838 212.845824678
2002/07/26/big/img_979 19.3496850943 -9.92715603721 87.9178009057 83.6513920372
2002/08/24/big/img_635 116.176649756 22.3994051324 250.256882244 207.949920868
2002/08/05/big/img_3704 99.6132668921 19.7282559596 191.998333108 168.34154404
2002/08/05/big/img_3704 331.834342703 104.320842724 418.347863297 220.133957276
2002/08/07/big/img_1358 84.2190257878 25.0043648916 246.221732212 293.420471108
2002/07/22/big/img_306 120.052142852 31.2774704001 205.113797148 156.0047436
2002/08/13/big/img_619 101.592052209 101.628943338 173.377143791 211.098056662
2002/08/13/big/img_619 264.237729084 100.873817089 345.154358916 213.544088911
2002/08/13/big/img_619 397.801523341 2.6257023154 480.587476659 111.245097685
2002/08/02/big/img_366 39.0029639265 12.498116148 268.978378074 367.119769852